0 , 21845
1 , 24100
2 , 19181
3 , 4391
4 , 10293
5 , 17436
6 , 4992
7 , 25332
8 , 5728
9 , 31839
10 , 19734
11 , 937
12 , 25344
13 , 20224
14 , 13322
15 , 6976
16 , 7310
17 , 21273
18 , 12280
19 , 30642
20 , 18560
21 , 30418
22 , 2018
23 , 8057
24 , 27277
25 , 32326
26 , 16850
27 , 28241
28 , 14262
29 , 6106
30 , 28563
31 , 7923
32 , 3904
33 , 22770
34 , 4354
35 , 13725
36 , 30455
37 , 30597
38 , 17990
39 , 16520
40 , 9023
41 , 14942
42 , 6246
43 , 23126
44 , 514
45 , 21507
46 , 20640
47 , 25271
48 , 31482
49 , 18843
50 , 1653
51 , 29832
52 , 4700
53 , 31852
54 , 18479
55 , 17102
56 , 26858
57 , 2705
58 , 17026
59 , 25831
60 , 11472
61 , 12850
62 , 3725
63 , 31454
64 , 10957
65 , 5884
66 , 11674
67 , 27186
68 , 853
69 , 29573
70 , 10301
71 , 18103
72 , 10646
73 , 22723
74 , 32626
75 , 9991
76 , 20398
77 , 18536
78 , 16558
79 , 3444
80 , 17663
81 , 30444
82 , 9729
83 , 18406
84 , 28197
85 , 28058
86 , 12371
87 , 11141
88 , 18797
89 , 18520
90 , 9463
91 , 874
92 , 17561
93 , 20625
94 , 2620
95 , 1343
96 , 758
97 , 1782
98 , 12012
99 , 2245
100 , 17501
101 , 25151
102 , 16031
103 , 15134
104 , 25720
105 , 11526
106 , 7469
107 , 3031
108 , 23553
109 , 21774
110 , 9791
111 , 1627
112 , 26759
113 , 2724
114 , 10913
115 , 24831
116 , 11547
117 , 28681
118 , 29070
119 , 14605
120 , 15878
121 , 9513
122 , 24934
123 , 12533
124 , 16843
125 , 1723
126 , 3274
127 , 14834
128 , 24974
129 , 23150
130 , 28379
131 , 1481
132 , 24253
133 , 29937
134 , 10935
135 , 1166
136 , 5687
137 , 12745
138 , 8801
139 , 16452
140 , 14847
141 , 17539
142 , 4557
143 , 27000
144 , 1388
145 , 5333
146 , 18764
147 , 22462
148 , 4550
149 , 28479
150 , 10320
151 , 20857
152 , 26830
153 , 15825
154 , 30512
155 , 29730
156 , 31631
157 , 4664
158 , 10717
159 , 4755
160 , 9656
161 , 27881
162 , 23260
163 , 15768
164 , 32367
165 , 18650
166 , 6083
167 , 6124
168 , 14930
169 , 4218
170 , 16599
171 , 5904
172 , 18764
173 , 11942
174 , 19343
175 , 22754
176 , 30972
177 , 1874
178 , 10876
179 , 24898
180 , 18983
181 , 27788
182 , 26129
183 , 8867
184 , 12678
185 , 25480
186 , 5940
187 , 29755
188 , 30723
189 , 19812
190 , 7073
191 , 7949
192 , 12579
193 , 10804
194 , 23781
195 , 29354
196 , 30540
197 , 8536
198 , 15765
199 , 1855
200 , 16004
201 , 26764
202 , 26483
203 , 19891
204 , 23938
205 , 6569
206 , 20723
207 , 16554
208 , 31381
209 , 2267
210 , 6068
211 , 13601
212 , 11611
213 , 20316
214 , 23181
215 , 26137
216 , 10252
217 , 19732
218 , 28890
219 , 10001
220 , 30279
221 , 19847
222 , 25315
223 , 13474
224 , 13167
225 , 25792
226 , 2776
227 , 4148
228 , 27831
229 , 4932
230 , 25143
231 , 12889
232 , 11281
233 , 17695
234 , 30575
235 , 9474
236 , 25328
237 , 11216
238 , 30300
239 , 20921
240 , 30632
241 , 14938
242 , 6539
243 , 3206
244 , 24736
245 , 22507
246 , 1520
247 , 29404
248 , 21930
249 , 11616
250 , 226
251 , 7654
252 , 2111
253 , 29123
254 , 15958
255 , 8954
256 , 633
257 , 25043
258 , 3369
259 , 11359
260 , 8464
261 , 17249
262 , 14068
263 , 30198
264 , 29803
265 , 11272
266 , 31484
267 , 18607
268 , 28899
269 , 31350
270 , 27196
271 , 18404
272 , 31937
273 , 7391
274 , 5463
275 , 6233
276 , 5990
277 , 26013
278 , 11657
279 , 270
280 , 21465
281 , 22126
282 , 28289
283 , 26910
284 , 29051
285 , 28566
286 , 3197
287 , 27306
288 , 26426
289 , 13682
290 , 1806
291 , 21491
292 , 31620
293 , 7708
294 , 18045
295 , 30018
296 , 30625
297 , 4033
298 , 28992
299 , 20193
300 , 8697
301 , 686
302 , 936
303 , 10613
304 , 18366
305 , 13580
306 , 16866
307 , 30864
308 , 24828
309 , 30927
310 , 7547
311 , 2086
312 , 14076
313 , 5513
314 , 29223
315 , 28151
316 , 858
317 , 15206
318 , 25033
319 , 30475
320 , 31841
321 , 30901
322 , 18229
323 , 1797
324 , 23698
325 , 31411
326 , 13922
327 , 23546
328 , 1214
329 , 23522
330 , 25666
331 , 19933
332 , 8634
333 , 23620
334 , 51
335 , 21820
336 , 3435
337 , 4657
338 , 22424
339 , 21983
340 , 10849
341 , 29454
342 , 12969
343 , 7920
344 , 11581
345 , 1962
346 , 24554
347 , 32330
348 , 23419
349 , 29322
350 , 22021
351 , 26174
352 , 5746
353 , 19257
354 , 4469
355 , 20310
356 , 14124
357 , 24208
358 , 32441
359 , 17088
360 , 30630
361 , 25040
362 , 16227
363 , 14177
364 , 28845
365 , 3935
366 , 25448
367 , 31228
368 , 18644
369 , 3285
370 , 1464
371 , 5553
372 , 15965
373 , 22235
374 , 29496
375 , 5688
376 , 17273
377 , 18620
378 , 23397
379 , 30185
380 , 17722
381 , 28296
382 , 12999
383 , 13072
384 , 4614
385 , 18865
386 , 13588
387 , 14251
388 , 18425
389 , 22465
390 , 16438
391 , 22141
392 , 20490
393 , 27611
394 , 3624
395 , 2130
396 , 28089
397 , 9807
398 , 17293
399 , 4948
400 , 30386
401 , 20886
402 , 3977
403 , 30377
404 , 1239
405 , 23120
406 , 29529
407 , 2032
408 , 24128
409 , 16140
410 , 23129
411 , 17953
412 , 19607
413 , 572
414 , 15055
415 , 32749
416 , 17325
417 , 8429
418 , 10787
419 , 2510
420 , 13384
421 , 2185
422 , 25610
423 , 29204
424 , 15468
425 , 807
426 , 12234
427 , 9566
428 , 16786
429 , 22811
430 , 2156
431 , 2245
432 , 26021
433 , 27770
434 , 31616
435 , 6396
436 , 29847
437 , 27289
438 , 6266
439 , 491
440 , 32220
441 , 31673
442 , 12724
443 , 20309
444 , 32057
445 , 22032
446 , 16022
447 , 32352
448 , 31076
449 , 20713
450 , 3451
451 , 4764
452 , 20352
453 , 30807
454 , 10877
455 , 8983
456 , 23482
457 , 6795
458 , 14728
459 , 19739
460 , 16672
461 , 11848
462 , 14910
463 , 18044
464 , 7076
465 , 27104
466 , 5969
467 , 31499
468 , 10640
469 , 20137
470 , 16504
471 , 4873
472 , 27066
473 , 26326
474 , 2804
475 , 18510
476 , 14548
477 , 191
478 , 12219
479 , 10172
480 , 12520
481 , 25075
482 , 18709
483 , 10450
484 , 13068
485 , 23360
486 , 25937
487 , 25428
488 , 17443
489 , 32019
490 , 31058
491 , 8971
492 , 19148
493 , 20152
494 , 15655
495 , 23351
496 , 6509
497 , 31345
498 , 9981
499 , 19853
500 , 895
501 , 9642
502 , 16331
503 , 17523
504 , 2008
505 , 3976
506 , 12713
507 , 32048
508 , 4004
509 , 32682
510 , 3940
511 , 8699
512 , 5029
513 , 28242
514 , 31786
515 , 26905
516 , 5287
517 , 3230
518 , 25176
519 , 8876
520 , 30367
521 , 20948
522 , 21277
523 , 5662
524 , 5357
525 , 26933
526 , 9578
527 , 30840
528 , 16103
529 , 25181
530 , 289
531 , 23328
532 , 11088
533 , 14271
534 , 28338
535 , 6172
536 , 25209
537 , 9446
538 , 31388
539 , 21301
540 , 32269
541 , 2431
542 , 4447
543 , 30861
544 , 9618
545 , 19377
546 , 2471
547 , 28826
548 , 8823
549 , 27713
550 , 22640
551 , 16061
552 , 29360
553 , 8117
554 , 14034
555 , 15607
556 , 10251
557 , 4045
558 , 27745
559 , 22389
560 , 24711
561 , 25118
562 , 8457
563 , 24218
564 , 30342
565 , 29663
566 , 28016
567 , 22545
568 , 21931
569 , 27238
570 , 848
571 , 6508
572 , 3708
573 , 109
574 , 1400
575 , 4496
576 , 3281
577 , 4676
578 , 23745
579 , 17242
580 , 2125
581 , 8957
582 , 16160
583 , 22854
584 , 6091
585 , 13834
586 , 30111
587 , 15809
588 , 25473
589 , 12036
590 , 21301
591 , 27551
592 , 9995
593 , 662
594 , 20119
595 , 16627
596 , 20256
597 , 21059
598 , 15872
599 , 30559
600 , 7708
601 , 25779
602 , 10045
603 , 14991
604 , 8492
605 , 31066
606 , 3655
607 , 27812
608 , 16633
609 , 17445
610 , 1752
611 , 22352
612 , 29351
613 , 14541
614 , 14068
615 , 27520
616 , 17153
617 , 2256
618 , 6383
619 , 30969
620 , 23890
621 , 25031
622 , 26328
623 , 914
624 , 27726
625 , 2633
626 , 30814
627 , 2655
628 , 7058
629 , 19691
630 , 24773
631 , 17613
632 , 9119
633 , 14170
634 , 31572
635 , 27859
636 , 9591
637 , 12014
638 , 13439
639 , 158
640 , 4689
641 , 6951
642 , 15966
643 , 6768
644 , 27327
645 , 18856
646 , 14450
647 , 21115
648 , 11718
649 , 22680
650 , 25927
651 , 7764
652 , 19121
653 , 19647
654 , 17285
655 , 32469
656 , 24673
657 , 3840
658 , 23804
659 , 14302
660 , 27669
661 , 1499
662 , 104
663 , 22902
664 , 28118
665 , 6431
666 , 29309
667 , 8396
668 , 23720
669 , 12400
670 , 8594
671 , 6620
672 , 17774
673 , 29531
674 , 6690
675 , 18740
676 , 32756
677 , 11607
678 , 13170
679 , 6169
680 , 13975
681 , 29590
682 , 14454
683 , 58
684 , 8172
685 , 27461
686 , 5682
687 , 21457
688 , 30701
689 , 1624
690 , 13286
691 , 29464
692 , 13245
693 , 30423
694 , 22614
695 , 41
696 , 13550
697 , 12623
698 , 19252
699 , 20262
700 , 21360
701 , 31938
702 , 21146
703 , 15042
704 , 19428
705 , 26212
706 , 27203
707 , 21942
708 , 11151
709 , 30208
710 , 3164
711 , 32315
712 , 23664
713 , 26952
714 , 11798
715 , 14478
716 , 11634
717 , 11001
718 , 28084
719 , 31547
720 , 30183
721 , 5965
722 , 30488
723 , 32069
724 , 28059
725 , 24801
726 , 32001
727 , 25022
728 , 11045
729 , 16934
730 , 32061
731 , 25837
732 , 6628
733 , 18899
734 , 19846
735 , 12086
736 , 5438
737 , 8418
738 , 25516
739 , 26855
740 , 11007
741 , 3272
742 , 19430
743 , 30851
744 , 6390
745 , 25333
746 , 31649
747 , 13653
748 , 30192
749 , 261
750 , 9421
751 , 11628
752 , 17538
753 , 26931
754 , 15267
755 , 19761
756 , 20128
757 , 32235
758 , 1661
759 , 12239
760 , 26321
761 , 24652
762 , 19619
763 , 3148
764 , 588
765 , 2448
766 , 21793
767 , 3663
768 , 28305
769 , 31830
770 , 4258
771 , 2455
772 , 21893
773 , 19196
774 , 29373
775 , 5749
776 , 1560
777 , 6403
778 , 7753
779 , 873
780 , 4563
781 , 20861
782 , 7347
783 , 11765
784 , 23452
785 , 3540
786 , 29825
787 , 26553
788 , 12968
789 , 28119
790 , 22492
791 , 27625
792 , 10038
793 , 2108
794 , 17202
795 , 7805
796 , 16785
797 , 15792
798 , 28722
799 , 4943
800 , 17695
801 , 269
802 , 1701
803 , 19138
804 , 12568
805 , 16062
806 , 21190
807 , 18452
808 , 18257
809 , 14583
810 , 4904
811 , 12283
812 , 2753
813 , 10280
814 , 25873
815 , 29522
816 , 15609
817 , 1343
818 , 4462
819 , 28006
820 , 18816
821 , 11546
822 , 9545
823 , 6392
824 , 31281
825 , 9993
826 , 28276
827 , 3973
828 , 4864
829 , 759
830 , 11510
831 , 32423
832 , 14588
833 , 16697
834 , 7444
835 , 8783
836 , 173
837 , 5250
838 , 3353
839 , 30591
840 , 15624
841 , 24249
842 , 22052
843 , 23680
844 , 323
845 , 30607
846 , 25976
847 , 11415
848 , 28301
849 , 28803
850 , 12148
851 , 7748
852 , 3169
853 , 23990
854 , 30769
855 , 24585
856 , 29055
857 , 20382
858 , 5118
859 , 11886
860 , 21390
861 , 7222
862 , 11006
863 , 11058
864 , 27503
865 , 21268
866 , 25966
867 , 8280
868 , 1859
869 , 18526
870 , 10322
871 , 11423
872 , 5867
873 , 16384
874 , 19312
875 , 10901
876 , 20439
877 , 20902
878 , 28505
879 , 31670
880 , 4322
881 , 30733
882 , 12016
883 , 11669
884 , 20806
885 , 30684
886 , 17918
887 , 23824
888 , 29432
889 , 11532
890 , 11406
891 , 12911
892 , 21239
893 , 5611
894 , 4787
895 , 23836
896 , 4614
897 , 24860
898 , 3619
899 , 23242
900 , 16683
901 , 3924
902 , 22041
903 , 11259
904 , 2886
905 , 12979
906 , 18253
907 , 13961
908 , 7042
909 , 3744
910 , 21327
911 , 26762
912 , 21933
913 , 24716
914 , 2178
915 , 8778
916 , 15568
917 , 14425
918 , 6990
919 , 12814
920 , 22590
921 , 21090
922 , 21824
923 , 7445
924 , 31264
925 , 79
926 , 25873
927 , 24538
928 , 29750
929 , 3144
930 , 26614
931 , 32461
932 , 28950
933 , 32545
934 , 28727
935 , 12784
936 , 8634
937 , 18304
938 , 15935
939 , 15689
940 , 6714
941 , 30894
942 , 3221
943 , 17369
944 , 26976
945 , 14515
946 , 2669
947 , 348
948 , 29191
949 , 26548
950 , 4542
951 , 27324
952 , 2919
953 , 10171
954 , 3408
955 , 11769
956 , 21937
957 , 30749
958 , 23318
959 , 10222
960 , 11252
961 , 12828
962 , 26553
963 , 8953
964 , 16466
965 , 30458
966 , 7097
967 , 9912
968 , 1288
969 , 32586
970 , 30546
971 , 14671
972 , 30472
973 , 25166
974 , 5509
975 , 31016
976 , 24485
977 , 1853
978 , 19589
979 , 28468
980 , 31699
981 , 29204
982 , 2656
983 , 13001
984 , 10861
985 , 4303
986 , 15108
987 , 16226
988 , 23487
989 , 32351
990 , 4773
991 , 19346
992 , 6588
993 , 5022
994 , 28906
995 , 19994
996 , 8124
997 , 6335
998 , 11798
